0 0 0 0 0 0 0 0 0 0 0 0 0 0 0 0 0 0 0 0 0 0 0 0 0 0 
0 0 0 0 0 0 0 0 0 0 0 0 0 0 0 0 0 0 0 0 0 0 0 0 0 0 
0 0 0 0 0 0 0 0 0 0 0 0 0 0 0 0 0 0 0 0 0 0 0 0 0 0 
0 0 0 0 0 0 0 0 0 0 -0.00154483 -0.0121105 -0.0265287 -0.0275816 -0.0831954 -0.19064 -0.227775 -0.18869 -0.122391 -0.290366 -0.380372 -0.317249 -0.137629 -0.00891448 0 0 
0 0 0 0 0 0 -0.0154483 -0.0469532 -0.0846087 -0.170863 -0.239241 -0.299173 -0.387434 -0.394912 -0.367459 -0.423899 -0.416922 -0.423384 -0.300265 -0.405026 -0.442147 -0.365336 -0.170867 -0.0184791 0 0 
0 0 0 0 0 -0.0252322 -0.161342 -0.36638 -0.385692 -0.40383 -0.43813 -0.427185 -0.468289 -0.478794 -0.450419 -0.401696 -0.320957 -0.18746 -0.142273 -0.0739592 -0.0331301 -0.0444961 -0.0286254 -0.0185943 0 0 
0 0 0 0 0 0.00318629 -0.088203 -0.388063 -0.448368 -0.412986 -0.389018 -0.36599 -0.304489 -0.251701 -0.266156 -0.324018 -0.245223 0.041571 0.0836058 0.113937 0.0995126 0.0487177 0.00468314 -0.00581838 0 0 
0 0 0 0 0 0.0174489 0.0876169 -0.0520507 -0.156047 -0.19526 -0.330108 -0.315639 -0.184256 0.0344992 0.0677105 -0.065191 -0.201531 0.000180257 0.0473058 0.041475 0.0261593 0.011183 -0.00354557 0 0 0 
0 0 0 0 0 0.00472903 0.0853827 0.144972 0.0715491 0.0565041 -0.212818 -0.261672 -0.105436 0.0725353 0.132556 0.165501 -0.0107286 -0.0388702 0 0 0 0 0 0 0 0 
0 0 0 0 0 0 0.0210179 0.0779262 0.0785432 0.0624162 -0.119527 -0.343053 -0.210334 -0.0391897 0.0101567 0.0584027 0.0603525 -0.0140005 0 0 0 0 0 0 0 0 
0 0 0 0 0 0 0 0.00367813 0.0061047 0.0692719 0.0107805 -0.30098 -0.405581 -0.11426 -0.00513376 0 0 0 0 0 0 0 0 0 0 0 
0 0 0 0 0 0 0 0 0 0.0393147 0.148737 -0.0550639 -0.43108 -0.394952 -0.230846 -0.114041 -0.008528 -7.01928e-05 0 0 0 0 0 0 0 0 
0 0 0 0 0 0 0 0 0 0.00288996 0.0634042 0.145188 -0.171895 -0.465828 -0.477833 -0.39502 -0.155786 -0.0321424 -0.00175482 0 0 0 0 0 0 0 
0 0 0 0 0 0 0 0 0 0 0.00919533 0.0985107 0.150093 -0.100068 -0.33522 -0.487972 -0.430534 -0.200588 -0.0388559 -0.00189521 0 0 0 0 0 0 
0 0 0 0 0 0 0 0 0 0 0 0.0212806 0.108292 0.173718 0.0449534 -0.199484 -0.470177 -0.456923 -0.228418 -0.0160996 0 0 0 0 0 0 
0 0 0 0 0 0 0 0 0 0 0 0 0.0118226 0.0717114 0.154894 0.0384155 -0.327702 -0.457038 -0.41892 -0.101146 -0.00449234 0 0 0 0 0 
0 0 0 0 0 0 0 0 0 0 0 0 -0.0236874 -0.106309 -0.189486 -0.145886 -0.291266 -0.334494 -0.307402 -0.0957996 -0.00718884 0 0 0 0 0 
0 0 0 0 0 0 0 0 0 0 -0.0200828 -0.113151 -0.249149 -0.349649 -0.415535 -0.372204 -0.30977 -0.313334 -0.232619 -0.0325956 -0.00603864 0 0 0 0 0 
0 0 0 0 0 0 0 0 -0.0123586 -0.0814357 -0.213551 -0.331287 -0.400255 -0.411377 -0.388611 -0.331607 -0.195387 -0.0691644 -0.0685001 -0.0380283 -0.000181824 0 0 0 0 0 
0 0 0 0 0 0 -0.0118437 -0.0557712 -0.16771 -0.320791 -0.383346 -0.401456 -0.367497 -0.312503 -0.197509 -0.0575487 0.0228655 0.0642613 0.0446273 -0.016546 0 0 0 0 0 0 
0 0 0 0 -0.00926897 -0.105104 -0.270156 -0.345499 -0.363417 -0.406992 -0.381542 -0.311206 -0.193426 -0.0607581 0.0194946 0.069214 0.0713528 0.0140545 -0.00709115 0 0 0 0 0 0 0 
0 0 -0.0283219 -0.140665 -0.278576 -0.322779 -0.419439 -0.434861 -0.404243 -0.335412 -0.266402 -0.11619 0.0152642 0.0709413 0.0671763 0.0153336 -0.00652932 -0.000181824 0 0 0 0 0 0 0 0 
0 0 -0.0560518 -0.245413 -0.417277 -0.413294 -0.338055 -0.247492 -0.160313 -0.0977115 -0.00268952 0.0359695 0.0587325 0.0168079 -0.00351742 -0.00081821 0 0 0 0 0 0 0 0 0 0 
0 0 0.0490195 0.0581761 0.0373108 0.0434155 0.0393512 0.039715 0.0855194 0.0637875 0.0904833 0.034444 -0.0075012 -0.00100003 0 0 0 0 0 0 0 0 0 0 0 0 
0 0 0.0357304 0.12322 0.159678 0.149041 0.138269 0.100931 0.0717395 0.0470119 -0.00532387 -0.00145459 0 0 0 0 0 0 0 0 0 0 0 0 0 0 
0 0 0 0 0 0 0 0 0 0 0 0 0 0 0 0 0 0 0 0 0 0 0 0 0 0 
